snp <- c(2.27, 2.35, 2.36, 2.47, 2.5, 2.51, 2.48, 2.6, 2.55, 2.62, 2.96,
2.95, 3.02, 3.07, 3.14, 3.3, 3.38, 3.43, 3.94, 4.33, 5.02, 4.38, 4.68, 4.83,
4.28, 3.97, 3.9, 3.71, 3.55, 3.46, 3.75, 3.85, 4.02, 3.74, 3.64, 3.72, 3.37,
3.44, 3.35, 3.47, 3.56, 3.43, 3.56, 3.57, 3.53, 3.62, 3.69, 3.54, 3.84, 4.04,
4.14, 4.22, 4.37, 4.2, 4.28, 4.41, 4.43, 4.66, 4.6, 4.65, 5.02, 5.31, 5.25,
4.85, 4.91, 4.99, 4.75, 4.67, 4.74, 5.22, 5.18, 5.18, 5.07, 5.45, 5.23, 5.31,
5.49, 5.36, 5.41, 5.17, 5.25, 5.72, 5.59, 5.58, 5.43, 5.66, 6.17, 6.01, 5.72,
5.61, 5.21, 5.23, 5.19, 5.21, 4.86, 4.97, 5.16, 5.15, 5.05, 5.1, 5.11, 5.23,
5.33, 5.72, 5.96, 5.74, 5.57, 5.73, 5.73, 6.07, 6.13, 5.92, 6.19, 6.28, 6.37,
5.69, 5.69, 5.09, 4.87, 4.8, 4.66, 4.61, 4.53, 4.25, 4.35, 4.23, 4.4, 4.38,
4.31, 4.38, 4.55, 4.6, 4.71, 4.76, 4.68, 4.68, 5.03, 4.96, 5.04, 4.56, 4.6,
4.58, 4.68, 4.58, 4.28, 4.28, 4.35, 4.41, 4.19, 4.14, 4.17, 4.24, 4.42, 4.29,
4, 3.82, 3.81, 3.59, 3.4, 3.45, 3.31, 3.26, 3.48, 3.27, 3.61, 3.44, 3.4, 3.51,
3.12, 3.02, 2.99, 3.04, 3.05, 2.93, 2.85, 2.74, 2.82, 3.62, 4.02, 3.78, 3.66,
3.54, 3.71, 3.73, 3.73, 3.59, 3.64, 3.81, 3.67, 3.62, 3.72, 3.68, 3.5, 3.66,
3.64, 3.49, 3.4, 3.45, 3.2, 3.17, 3.2, 3.29, 3.25, 3.22, 3.45, 3.44, 3.38,
3.44, 3.15, 3.17, 3.2, 3.56, 3.77, 3.78, 3.56, 3.5, 3.34, 3.07, 3, 2.96, 2.86,
3, 2.86, 2.81, 2.85, 2.83, 2.95, 2.64, 2.71, 2.7, 2.77, 2.72, 2.72, 2.78,
2.68, 2.77, 2.75, 2.74, 2.63, 2.62, 2.55, 2.57, 2.52, 2.6, 2.53, 2.54, 2.54,
2.47, 2.51, 2.47, 2.5, 2.49, 2.42, 2.5, 2.64, 2.63, 2.61, 2.69, 2.63, 2.54,
2.63, 2.59, 2.69, 2.68, 2.63, 2.55, 2.47, 2.42, 2.36, 2.31, 2.25, 2.27, 2.18,
2.19, 2.12, 2.1, 2.04, 2.05, 2.05, 2.04, 1.98, 2, 2.11, 2.08, 1.96, 1.92,
1.79, 1.85, 1.75, 1.76, 1.85, 1.76, 1.67, 1.6, 1.49, 1.59, 1.51, 1.57, 1.5,
1.49, 1.47, 1.39, 1.33, 1.33, 1.37, 1.32, 1.34, 1.58, 1.49, 1.4, 1.32, 1.26,
1.2, 1.25, 1.2, 1.17, 1.2, 1.14, 1.2, 1.2, 1.24, 1.17, 1.14, 1.09, 1.16, 1.16,
1.06, 1.11, 1.13, 1.1, 1.12, 1.05, 1.12, 1.12, 1.22, 1.19, 1.14, 1.25, 1.35,
1.25, 1.25, 1.28, 1.29, 1.38, 1.51, 1.47, 1.37, 1.37, 1.39, 1.42, 1.37, 1.47,
1.49, 1.6, 1.74, 1.74, 1.95, 1.79, 1.69, 1.83, 1.9, 1.93, 1.91, 1.79, 1.72,
1.72, 1.78, 1.75, 1.78, 1.7, 1.7, 1.64, 1.63, 1.63, 1.66, 1.72, 1.71, 1.67,
1.77, 1.77, 1.76, 1.8, 1.76, 1.73, 1.79, 1.79, 1.82, 1.89, 1.85, 1.86, 1.81,
1.83, 1.82, 1.87, 1.82, 1.84, 1.83, 1.85, 1.85, 1.84, 1.94, 1.94, 1.91, 1.89,
1.85, 1.81, 1.78, 1.79, 1.79, 1.86, 1.87, 1.82, 1.77, 1.8, 1.89, 1.88, 1.84,
1.81, 1.9, 1.95, 2.04, 2.14, 2.12, 2.03, 2.02, 2.24, 2.23, 2.21, 2.45, 2.82,
3.04, 2.98, 3.1, 3.3, 3.01, 2.6, 2.46, 2.33, 2.17, 2.09, 2.03, 2.06, 1.96,
1.93, 2.01, 1.97, 1.87, 1.87, 2.05, 2.19, 2.07, 2.18, 2.03, 1.95, 1.97, 1.87,
1.84, 1.82, 1.88, 1.89, 1.95, 1.99, 2.05, 2.18, 2.38, 2.16, 2.2, 2.21, 2.14,
2.09, 2.05, 2.12, 2.28, 2.2, 2.27, 2.25, 2.22, 2.27, 2.28, 2.29, 2.21, 2.22,
2.16, 2.17, 2.15, 2.2, 2.11, 2.19, 2.14, 2.06, 2.01, 1.98, 2.08, 2.04, 2.03,
2.05, 2.04, 2.01, 2.05, 2, 2.04, 2.01, 1.97, 2.01, 2.08, 1.99, 2.02, 2.05,
2.05, 2.1, 2.07, 2.22, 2.29, 2.13, 2.14, 2.2, 2.3, 2.31, 2.17, 2.19, 2.16,
2.17, 2.12, 2.11, 2.12, 2.17, 2.12, 2.1, 2.08, 2.03, 2.02, 2.01, 2.01, 2.01,
1.99, 2, 1.96, 1.92, 1.89, 1.87, 1.76, 1.87, 1.96, 1.97, 1.95, 1.95, 1.92)

snp <- ts(snp, start = c(1973,1), frequency = 12)


spread <- c(1.222519557, 1.02593843, 1.051030925, 0.844818095, 0.740616346,
0.783350368, 0.668012318, 0.640273973, 0.689253137, 0.518726816, 0.410110738,
0.384661218, 0.423958928, 0.43554197, 0.51971794, 0.679687122, 0.683969818,
0.48850992, 0.358476965, 0.334589269, 0.338555857, 0.344763057, 0.340239201,
0.338805101, 0.371284741, 0.372152669, 0.357500219, 0.333389868, 0.317168161,
0.309933653, 0.275438353, 0.270970041, 0.272079362, 0.276059309, 0.279062759,
0.322947752, 0.370239355, 0.339609727, 0.371871333, 0.371188757, 0.35533794,
0.356670084, 0.361309391, 0.352925505, 0.371295489, 0.402421789, 0.396901014,
0.363872363, 0.343175988, 0.355692323, 0.354066911, 0.345084811, 0.307988854,
0.308740591, 0.242381161, 0.26027556, 0.248829701, 0.207882937, 0.227250624,
0.230203468, 0.232358447, 0.239758085, 0.23351998, 0.23148416, 0.238881868,
0.199220425, 0.167049068, 0.15334968, 0.144488182, 0.103460205, 0.112688738,
0.130283152, 0.290399398, 0.234490934, 0.114414254, 0.119398604, 0.092179466,
0.091067, 0.121187365, 0.097319521, 0.141499062, 0.171597912, 0.172051761,
0.14671408, 0.150456977, 0.123736932, 0.130212605, 0.133636268, 0.147093262,
0.130063881, 0.08749718, 0.069912946, 0.07060321, 0.079806742, 0.095848364,
0.144134233, 0.124580512, 0.123648977, 0.105480153, 0.122063043, 0.11763519,
0.126417331, 0.103039972, 0.127383341, 0.136605452, 0.159287103, 0.179607819,
0.1865785, 0.182652247, 0.164459995, 0.169676202, 0.162681013, 0.174755886,
0.159412443, 0.159227261, 0.166761913, 0.152283858, 0.165107781, 0.155725101,
0.156627901, 0.132339315, 0.17985003, 0.210334586, 0.244360847, 0.215020449,
0.273097526, 0.200546922, 0.271386673, 0.309395608, 0.491034261, 0.410480735,
0.406274884, 0.461804846, 0.472862695, 0.500624036, 0.608245172, 0.772926927,
0.998059506, 1.250570969, 1.49499426, 1.433740927, 1.436272279, 1.205632598,
1.018118266, 1.056994192, 0.956510393, 0.735730516, 0.761362873, 0.8151265,
0.81706983, 0.871589304, 0.94441587, 1.06745737, 1.005905443, 1.261404483,
1.645662963, 2.126473794, 2.077252964, 2.172276652, 2.380844126, 2.177247372,
2.69624789, 2.782225242, 2.710784603, 2.503943537, 2.691831926, 2.762433965,
3.175749799, 3.508372677, 4.108842721, 4.16745258, 4.860600646, 4.859329703,
5.891069181, 5.705368722, 5.919464982, 5.41807208, 4.584969316, 5.389969551,
6.15754113, 6.279063448, 6.366979903, 5.967690449, 5.045191335, 4.582790386,
4.625336348, 4.099568149, 3.4552827, 3.566125182, 3.768130461, 3.606752593,
3.061625691, 3.266045505, 3.322803373, 3.068471313, 2.994596856, 2.750905588,
2.693182658, 2.591828267, 2.333451918, 2.233645253, 2.008289646, 1.829307297,
1.835944869, 1.666003748, 1.748965252, 1.727969088, 1.555894105, 1.753184719,
1.726170075, 1.636122055, 1.646456042, 1.618548492, 1.488137457, 1.744623526,
1.693890409, 1.838968544, 1.795847709, 1.656240955, 1.608613394, 1.467706722,
1.383181872, 1.374275808, 1.536923825, 1.879432244, 1.64612415, 1.734816281,
1.731793687, 1.812951516)

spread <- ts(spread, start = c(1997, 6), frequency = 12)

#usethis::use_data(snp, spread)


