snp500 <- c(2.27, 2.35, 2.36, 2.47, 2.5, 2.51, 2.48, 2.6, 2.55, 2.62, 2.96,
2.95, 3.02, 3.07, 3.14, 3.3, 3.38, 3.43, 3.94, 4.33, 5.02, 4.38, 4.68, 4.83,
4.28, 3.97, 3.9, 3.71, 3.55, 3.46, 3.75, 3.85, 4.02, 3.74, 3.64, 3.72, 3.37,
3.44, 3.35, 3.47, 3.56, 3.43, 3.56, 3.57, 3.53, 3.62, 3.69, 3.54, 3.84, 4.04,
4.14, 4.22, 4.37, 4.2, 4.28, 4.41, 4.43, 4.66, 4.6, 4.65, 5.02, 5.31, 5.25,
4.85, 4.91, 4.99, 4.75, 4.67, 4.74, 5.22, 5.18, 5.18, 5.07, 5.45, 5.23, 5.31,
5.49, 5.36, 5.41, 5.17, 5.25, 5.72, 5.59, 5.58, 5.43, 5.66, 6.17, 6.01, 5.72,
5.61, 5.21, 5.23, 5.19, 5.21, 4.86, 4.97, 5.16, 5.15, 5.05, 5.1, 5.11, 5.23,
5.33, 5.72, 5.96, 5.74, 5.57, 5.73, 5.73, 6.07, 6.13, 5.92, 6.19, 6.28, 6.37,
5.69, 5.69, 5.09, 4.87, 4.8, 4.66, 4.61, 4.53, 4.25, 4.35, 4.23, 4.4, 4.38,
4.31, 4.38, 4.55, 4.6, 4.71, 4.76, 4.68, 4.68, 5.03, 4.96, 5.04, 4.56, 4.6,
4.58, 4.68, 4.58, 4.28, 4.28, 4.35, 4.41, 4.19, 4.14, 4.17, 4.24, 4.42, 4.29,
4, 3.82, 3.81, 3.59, 3.4, 3.45, 3.31, 3.26, 3.48, 3.27, 3.61, 3.44, 3.4, 3.51,
3.12, 3.02, 2.99, 3.04, 3.05, 2.93, 2.85, 2.74, 2.82, 3.62, 4.02, 3.78, 3.66,
3.54, 3.71, 3.73, 3.73, 3.59, 3.64, 3.81, 3.67, 3.62, 3.72, 3.68, 3.5, 3.66,
3.64, 3.49, 3.4, 3.45, 3.2, 3.17, 3.2, 3.29, 3.25, 3.22, 3.45, 3.44, 3.38,
3.44, 3.15, 3.17, 3.2, 3.56, 3.77, 3.78, 3.56, 3.5, 3.34, 3.07, 3, 2.96, 2.86,
3, 2.86, 2.81, 2.85, 2.83, 2.95, 2.64, 2.71, 2.7, 2.77, 2.72, 2.72, 2.78,
2.68, 2.77, 2.75, 2.74, 2.63, 2.62, 2.55, 2.57, 2.52, 2.6, 2.53, 2.54, 2.54,
2.47, 2.51, 2.47, 2.5, 2.49, 2.42, 2.5, 2.64, 2.63, 2.61, 2.69, 2.63, 2.54,
2.63, 2.59, 2.69, 2.68, 2.63, 2.55, 2.47, 2.42, 2.36, 2.31, 2.25, 2.27, 2.18,
2.19, 2.12, 2.1, 2.04, 2.05, 2.05, 2.04, 1.98, 2, 2.11, 2.08, 1.96, 1.92,
1.79, 1.85, 1.75, 1.76, 1.85, 1.76, 1.67, 1.6, 1.49, 1.59, 1.51, 1.57, 1.5,
1.49, 1.47, 1.39, 1.33, 1.33, 1.37, 1.32, 1.34, 1.58, 1.49, 1.4, 1.32, 1.26,
1.2, 1.25, 1.2, 1.17, 1.2, 1.14, 1.2, 1.2, 1.24, 1.17, 1.14, 1.09, 1.16, 1.16,
1.06, 1.11, 1.13, 1.1, 1.12, 1.05, 1.12, 1.12, 1.22, 1.19, 1.14, 1.25, 1.35,
1.25, 1.25, 1.28, 1.29, 1.38, 1.51, 1.47, 1.37, 1.37, 1.39, 1.42, 1.37, 1.47,
1.49, 1.6, 1.74, 1.74, 1.95, 1.79, 1.69, 1.83, 1.9, 1.93, 1.91, 1.79, 1.72,
1.72, 1.78, 1.75, 1.78, 1.7, 1.7, 1.64, 1.63, 1.63, 1.66, 1.72, 1.71, 1.67,
1.77, 1.77, 1.76, 1.8, 1.76, 1.73, 1.79, 1.79, 1.82, 1.89, 1.85, 1.86, 1.81,
1.83, 1.82, 1.87, 1.82, 1.84, 1.83, 1.85, 1.85, 1.84, 1.94, 1.94, 1.91, 1.89,
1.85, 1.81, 1.78, 1.79, 1.79, 1.86, 1.87, 1.82, 1.77, 1.8, 1.89, 1.88, 1.84,
1.81, 1.9, 1.95, 2.04, 2.14, 2.12, 2.03, 2.02, 2.24, 2.23, 2.21, 2.45, 2.82,
3.04, 2.98, 3.1, 3.3, 3.01, 2.6, 2.46, 2.33, 2.17, 2.09, 2.03, 2.06, 1.96,
1.93, 2.01, 1.97, 1.87, 1.87, 2.05, 2.19, 2.07, 2.18, 2.03, 1.95, 1.97, 1.87,
1.84, 1.82, 1.88, 1.89, 1.95, 1.99, 2.05, 2.18, 2.38, 2.16, 2.2, 2.21, 2.14,
2.09, 2.05, 2.12, 2.28, 2.2, 2.27, 2.25, 2.22, 2.27, 2.28, 2.29, 2.21, 2.22,
2.16, 2.17, 2.15, 2.2, 2.11, 2.19, 2.14, 2.06, 2.01, 1.98, 2.08, 2.04, 2.03,
2.05, 2.04, 2.01, 2.05, 2, 2.04, 2.01, 1.97, 2.01, 2.08, 1.99, 2.02, 2.05,
2.05, 2.1, 2.07, 2.22, 2.29, 2.13, 2.14, 2.2, 2.3, 2.31, 2.17, 2.19, 2.16,
2.17, 2.12, 2.11, 2.12, 2.17, 2.12, 2.1, 2.08, 2.03, 2.02, 2.01, 2.01, 2.01,
1.99, 2, 1.96, 1.92, 1.89, 1.87, 1.76, 1.87, 1.96, 1.97, 1.95, 1.95, 1.92)

date <- c("31/01/1973", "28/02/1973", "30/03/1973", "30/04/1973", "31/05/1973",
"29/06/1973", "31/07/1973", "31/08/1973", "28/09/1973", "31/10/1973",
"30/11/1973", "31/12/1973", "31/01/1974", "28/02/1974", "29/03/1974",
"30/04/1974", "31/05/1974", "28/06/1974", "31/07/1974", "30/08/1974",
"30/09/1974", "31/10/1974", "29/11/1974", "31/12/1974", "31/01/1975",
"28/02/1975", "31/03/1975", "30/04/1975", "30/05/1975", "30/06/1975",
"31/07/1975", "29/08/1975", "30/09/1975", "31/10/1975", "28/11/1975",
"31/12/1975", "30/01/1976", "27/02/1976", "31/03/1976", "30/04/1976",
"31/05/1976", "30/06/1976", "30/07/1976", "31/08/1976", "30/09/1976",
"29/10/1976", "30/11/1976", "31/12/1976", "31/01/1977", "28/02/1977",
"31/03/1977", "29/04/1977", "31/05/1977", "30/06/1977", "29/07/1977",
"31/08/1977", "30/09/1977", "31/10/1977", "30/11/1977", "30/12/1977",
"31/01/1978", "28/02/1978", "31/03/1978", "28/04/1978", "31/05/1978",
"30/06/1978", "31/07/1978", "31/08/1978", "29/09/1978", "31/10/1978",
"30/11/1978", "29/12/1978", "31/01/1979", "28/02/1979", "30/03/1979",
"30/04/1979", "31/05/1979", "29/06/1979", "31/07/1979", "31/08/1979",
"28/09/1979", "31/10/1979", "30/11/1979", "31/12/1979", "31/01/1980",
"29/02/1980", "31/03/1980", "30/04/1980", "30/05/1980", "30/06/1980",
"31/07/1980", "29/08/1980", "30/09/1980", "31/10/1980", "28/11/1980",
"31/12/1980", "30/01/1981", "27/02/1981", "31/03/1981", "30/04/1981",
"29/05/1981", "30/06/1981", "31/07/1981", "31/08/1981", "30/09/1981",
"30/10/1981", "30/11/1981", "31/12/1981", "29/01/1982", "26/02/1982",
"31/03/1982", "30/04/1982", "31/05/1982", "30/06/1982", "30/07/1982",
"31/08/1982", "30/09/1982", "29/10/1982", "30/11/1982", "31/12/1982",
"31/01/1983", "28/02/1983", "31/03/1983", "29/04/1983", "31/05/1983",
"30/06/1983", "29/07/1983", "31/08/1983", "30/09/1983", "31/10/1983",
"30/11/1983", "30/12/1983", "31/01/1984", "29/02/1984", "30/03/1984",
"30/04/1984", "31/05/1984", "29/06/1984", "31/07/1984", "31/08/1984",
"28/09/1984", "31/10/1984", "30/11/1984", "31/12/1984", "31/01/1985",
"28/02/1985", "29/03/1985", "30/04/1985", "31/05/1985", "28/06/1985",
"31/07/1985", "30/08/1985", "30/09/1985", "31/10/1985", "29/11/1985",
"31/12/1985", "31/01/1986", "28/02/1986", "31/03/1986", "30/04/1986",
"30/05/1986", "30/06/1986", "31/07/1986", "29/08/1986", "30/09/1986",
"31/10/1986", "28/11/1986", "31/12/1986", "30/01/1987", "27/02/1987",
"31/03/1987", "30/04/1987", "29/05/1987", "30/06/1987", "31/07/1987",
"31/08/1987", "30/09/1987", "30/10/1987", "30/11/1987", "31/12/1987",
"29/01/1988", "29/02/1988", "31/03/1988", "29/04/1988", "31/05/1988",
"30/06/1988", "29/07/1988", "31/08/1988", "30/09/1988", "31/10/1988",
"30/11/1988", "30/12/1988", "31/01/1989", "28/02/1989", "31/03/1989",
"28/04/1989", "31/05/1989", "30/06/1989", "31/07/1989", "31/08/1989",
"29/09/1989", "31/10/1989", "30/11/1989", "29/12/1989", "31/01/1990",
"28/02/1990", "30/03/1990", "30/04/1990", "31/05/1990", "29/06/1990",
"31/07/1990", "31/08/1990", "28/09/1990", "31/10/1990", "30/11/1990",
"31/12/1990", "31/01/1991", "28/02/1991", "29/03/1991", "30/04/1991",
"31/05/1991", "28/06/1991", "31/07/1991", "30/08/1991", "30/09/1991",
"31/10/1991", "29/11/1991", "31/12/1991", "31/01/1992", "28/02/1992",
"31/03/1992", "30/04/1992", "29/05/1992", "30/06/1992", "31/07/1992",
"31/08/1992", "30/09/1992", "30/10/1992", "30/11/1992", "31/12/1992",
"29/01/1993", "26/02/1993", "31/03/1993", "30/04/1993", "31/05/1993",
"30/06/1993", "30/07/1993", "31/08/1993", "30/09/1993", "29/10/1993",
"30/11/1993", "31/12/1993", "31/01/1994", "28/02/1994", "31/03/1994",
"29/04/1994", "31/05/1994", "30/06/1994", "29/07/1994", "31/08/1994",
"30/09/1994", "31/10/1994", "30/11/1994", "30/12/1994", "31/01/1995",
"28/02/1995", "31/03/1995", "28/04/1995", "31/05/1995", "30/06/1995",
"31/07/1995", "31/08/1995", "29/09/1995", "31/10/1995", "30/11/1995",
"29/12/1995", "31/01/1996", "29/02/1996", "29/03/1996", "30/04/1996",
"31/05/1996", "28/06/1996", "31/07/1996", "30/08/1996", "30/09/1996",
"31/10/1996", "29/11/1996", "31/12/1996", "31/01/1997", "28/02/1997",
"31/03/1997", "30/04/1997", "30/05/1997", "30/06/1997", "31/07/1997",
"29/08/1997", "30/09/1997", "31/10/1997", "28/11/1997", "31/12/1997",
"30/01/1998", "27/02/1998", "31/03/1998", "30/04/1998", "29/05/1998",
"30/06/1998", "31/07/1998", "31/08/1998", "30/09/1998", "30/10/1998",
"30/11/1998", "31/12/1998", "29/01/1999", "26/02/1999", "31/03/1999",
"30/04/1999", "31/05/1999", "30/06/1999", "30/07/1999", "31/08/1999",
"30/09/1999", "29/10/1999", "30/11/1999", "31/12/1999", "31/01/2000",
"29/02/2000", "31/03/2000", "28/04/2000", "31/05/2000", "30/06/2000",
"31/07/2000", "31/08/2000", "29/09/2000", "31/10/2000", "30/11/2000",
"29/12/2000", "31/01/2001", "28/02/2001", "30/03/2001", "30/04/2001",
